100
3
3500 38903 47316 
21240 24684 47188 
8623 45727 47107 
23849 32121 38621 
9277 25842 35169 
17280 25505 26448 
15003 15119 35858 
18356 40961 45026 
14102 27763 34031 
9152 26499 41448 
9997 21336 35627 
3475 3729 17868 
39944 40981 48980 
21550 40362 49718 
16693 41251 49132 
7081 30238 39050 
24623 31771 34873 
4282 5975 35360 
14117 26678 40967 
7646 10609 23858 
25321 34975 41859 
8099 11593 26175 
6391 46018 49955 
21224 35789 47170 
8355 28533 43984 
3385 24323 36054 
31841 37315 43802 
404 30124 34859 
11236 43245 47336 
8975 14929 33946 
10129 18151 36403 
7934 21094 23161 
10624 27352 44636 
27527 32646 39292 
31833 41482 48386 
6998 20343 23379 
905 2558 5219 
22784 28169 43591 
7387 13941 49465 
1956 19485 28912 
2629 5520 48133 
7756 31198 43874 
1531 29380 47908 
24322 30856 45046 
18556 38444 38593 
100 23993 38219 
27594 31236 38497 
1314 26235 36793 
23040 37999 39765 
25316 44683 49405 
6906 22350 46021 
8827 21364 29990 
21452 30704 37034 
16 18119 39536 
5909 10403 12452 
19146 25347 35625 
12910 16389 36022 
11323 16374 38330 
12693 13332 21889 
8273 16954 18295 
15879 35925 48411 
6186 9327 36170 
3605 14837 40358 
34659 35180 42947 
2709 3486 9545 
31912 49109 49717 
5 16539 41647 
2202 18157 43490 
21123 22064 35684 
15233 20846 38565 
27425 45128 49858 
4047 28611 40263 
9146 20541 43998 
471 983 8030 
24836 30538 46059 
6431 23422 25833 
15118 18667 45123 
30729 33748 45376 
35589 48063 48795 
37741 41051 48160 
28768 31123 47602 
7612 11993 15840 
7144 11516 16778 
9378 36948 49686 
11991 28069 32521 
5194 17050 37206 
2961 24782 48932 
10708 45594 47976 
35932 37222 45058 
31697 34888 38434 
8858 28439 35370 
15790 20032 25865 
6223 41010 45092 
11308 11709 46981 
19850 34646 38135 
5040 33412 44693 
7579 17993 48021 
12591 37411 39792 
18771 31667 36798 
19539 29413 47098 
