3500
21240
-8623
23849
-9277
-17280
15003
-18356
14102
-9152
-9997
-3475
39944
-21550
-16693
7081
24623
-4282
-14117
-7646
25321
-8099
-6391
21224
-8355
-3385
31841
-404
-11236
-8975
-10129
-7934
-10624
27527
-31833
-6998
905
22784
-7387
-1956
-2629
-7756
-1531
24322
-18556
-100
27594
-1314
-23040
25316
-6906
-8827
21452
-16
-5909
-19146
-12910
11323
-12693
8273
15879
-6186
-3605
34659
-2709
-31912
-5
-2202
21123
-15233
27425
-4047
-9146
-471
-24836
-6431
15118
30729
-35589
37741
-28768
-7612
-7144
9378
-11991
-5194
2961
10708
35932
-31697
-8858
15790
-6223
-11308
19850
-5040
-7579
-12591
18771
-19539
1885
