0 152
0 253
0 413
0 443
1 334
1 355
1 751
2 862
3 833
3 971
4 337
4 603
5 482
5 903
6 668
6 779
6 804
6 917
7 53
7 365
8 113
8 124
8 135
8 193
8 224
8 380
8 729
9 77
9 225
10 939
11 252
11 625
11 639
11 942
12 154
12 481
14 149
14 906
15 88
15 617
16 465
16 684
16 763
16 871
18 86
18 168
18 205
18 745
19 751
20 74
20 374
20 472
20 626
21 447
21 588
21 596
22 158
22 474
22 741
22 768
22 850
22 896
23 99
23 237
23 540
23 579
23 685
23 891
24 253
24 400
25 411
26 135
26 395
26 396
26 975
27 703
27 876
28 109
28 455
28 737
28 925
29 33
30 20
30 506
30 843
31 358
31 725
32 198
32 372
33 96
33 137
33 366
33 393
33 824
34 501
34 879
35 316
35 718
36 565
37 736
37 742
38 185
38 360
38 364
38 570
38 607
38 726
38 885
39 298
39 330
40 411
40 447
40 768
41 287
41 476
41 585
41 595
41 794
41 857
42 297
42 987
43 53
43 717
43 774
43 846
43 935
44 332
44 495
44 731
45 260
45 261
46 275
46 639
47 5
47 91
47 161
47 258
47 539
47 671
48 140
48 330
48 350
48 404
49 334
49 677
49 872
50 4
50 16
50 554
50 793
51 48
52 31
52 262
52 640
52 995
53 122
53 147
53 185
53 405
53 893
54 648
55 15
55 168
55 272
56 148
56 299
57 971
58 158
58 182
58 579
58 821
59 245
60 16
60 145
60 608
60 855
60 873
61 36
61 143
61 301
61 521
61 856
64 0
64 165
64 624
64 721
64 815
65 32
65 65
65 255
65 749
65 792
65 946
66 26
66 31
67 511
67 748
68 493
69 102
70 468
70 833
71 356
71 652
71 974
72 335
72 875
72 924
72 948
73 47
73 327
73 480
74 175
74 184
74 196
74 358
74 382
74 493
74 552
74 578
74 893
75 184
75 331
75 365
75 706
75 849
75 913
76 340
76 732
77 388
77 598
77 601
78 225
78 578
78 624
78 954
79 179
79 216
79 640
79 919
80 200
80 306
80 359
80 508
80 593
80 686
80 842
81 224
81 619
82 50
82 118
82 139
83 102
83 187
83 253
83 424
83 467
83 666
84 27
84 275
84 629
85 281
85 415
85 580
85 621
85 648
85 714
85 923
85 979
86 882
87 152
87 640
87 666
87 800
88 33
88 347
88 522
89 752
90 130
90 685
90 694
90 814
91 79
91 705
91 737
93 224
93 375
94 86
94 140
94 987
95 84
95 448
95 621
95 936
96 109
96 186
97 133
97 180
97 512
97 928
98 776
99 87
99 293
99 312
99 575
99 590
99 802
100 142
100 189
100 902
101 4
101 6
101 28
101 951
102 32
102 366
102 934
103 137
103 490
103 498
103 901
103 946
103 985
104 14
104 753
104 942
105 1
105 193
105 286
105 460
105 758
106 197
106 206
106 288
106 872
107 729
108 477
108 586
109 164
109 651
110 256
110 699
111 128
111 220
112 617
112 950
112 981
113 187
113 616
114 131
114 212
115 231
115 833
116 66
116 202
117 179
117 253
117 293
117 626
118 49
118 125
118 325
119 270
119 382
119 609
119 677
120 561
121 166
121 422
121 538
121 547
122 238
122 658
123 558
123 832
124 26
124 148
124 554
124 947
125 19
125 41
125 277
125 511
125 745
126 808
128 29
128 245
128 472
128 718
128 884
129 351
129 423
129 524
129 817
130 3
130 168
131 15
132 410
132 977
133 274
133 383
134 72
134 156
134 317
134 463
134 669
134 774
135 53
135 262
135 318
135 718
136 12
136 987
137 176
137 527
137 846
137 876
138 891
139 125
139 160
139 628
139 695
140 735
140 878
141 502
141 736
141 896
142 201
142 223
142 385
142 492
142 869
143 195
144 312
144 434
144 479
144 481
144 661
144 720
145 46
145 252
145 478
145 546
145 705
145 990
146 5
146 398
146 505
146 997
147 171
147 456
147 560
148 27
148 81
149 508
149 522
149 567
149 650
149 724
149 750
150 350
151 153
151 395
151 812
151 861
152 3
152 119
152 589
152 996
153 463
153 505
153 902
154 169
154 339
154 476
154 731
154 964
155 50
155 522
156 438
156 559
157 9
157 230
157 258
157 505
157 626
158 260
158 400
158 506
158 956
159 372
159 578
159 825
160 84
160 977
161 3
161 129
161 530
161 589
161 596
162 496
162 905
162 982
164 714
165 380
166 64
166 171
166 991
167 54
168 149
168 413
168 424
168 481
169 137
169 452
169 844
170 270
170 445
170 745
170 988
171 10
171 687
172 630
173 314
173 461
173 617
174 95
174 584
174 813
174 937
175 133
175 499
175 645
175 741
176 72
177 204
177 518
177 610
178 52
178 188
178 238
178 678
179 35
179 38
179 695
179 798
179 958
180 561
180 616
181 61
181 264
181 647
182 92
182 617
182 916
183 38
183 101
183 646
183 839
184 12
184 28
184 153
184 774
185 193
185 508
186 456
186 637
187 67
187 93
187 231
187 245
187 393
188 933
189 260
189 632
189 648
189 706
189 721
190 251
190 335
190 603
190 734
191 107
191 155
191 465
191 958
192 499
192 517
193 73
193 472
193 492
193 621
194 464
194 652
194 807
195 193
195 474
195 605
195 850
195 979
196 142
196 175
196 486
196 487
196 628
197 341
197 395
197 931
198 278
198 437
198 788
199 77
199 168
199 348
199 394
199 486
199 741
199 961
199 979
200 285
200 448
200 477
200 715
200 778
200 891
201 726
202 213
202 582
202 658
202 797
202 798
203 226
203 608
204 624
205 107
205 118
205 283
205 701
205 750
205 928
206 239
206 948
207 108
208 535
208 567
208 622
208 860
208 967
210 799
210 896
210 948
211 29
211 617
211 690
212 0
213 317
213 495
213 525
214 591
215 117
215 488
216 469
216 556
217 493
217 700
217 787
218 69
218 597
219 61
219 625
219 836
220 178
220 518
220 674
221 525
221 565
221 572
222 196
222 224
222 283
222 406
222 766
223 695
223 908
224 435
225 541
225 811
226 35
226 186
226 274
226 487
227 188
227 432
227 576
227 601
227 785
228 445
229 63
229 146
229 523
229 658
229 835
230 816
231 86
231 785
231 792
232 153
232 818
232 900
233 750
234 461
235 211
235 954
236 71
236 505
236 919
237 238
237 292
237 540
237 666
237 762
238 105
238 480
238 764
238 958
239 490
239 787
240 129
240 144
240 489
240 910
241 93
241 450
241 559
241 633
243 172
244 718
245 88
245 202
245 363
245 477
245 561
245 741
245 920
246 234
247 98
248 269
248 512
248 708
248 834
248 989
249 116
249 600
249 630
249 753
250 283
250 312
251 134
251 959
251 968
252 403
252 608
253 74
253 289
253 715
253 880
255 376
255 425
255 740
255 902
256 32
256 88
256 225
256 303
256 376
256 828
257 149
257 585
257 587
258 44
258 234
258 651
259 19
259 329
259 344
259 471
259 541
259 878
259 944
260 264
260 842
260 867
261 329
261 382
261 513
261 737
262 8
262 769
262 902
263 786
264 28
264 361
264 429
264 891
264 971
265 18
265 925
266 107
267 331
267 425
267 465
267 698
267 728
267 738
267 741
268 107
268 679
268 806
269 515
269 927
270 23
270 584
270 685
270 773
271 70
271 106
271 107
271 152
271 337
271 722
271 787
271 846
271 898
272 385
272 645
272 854
273 22
273 88
274 473
274 630
275 190
276 326
276 826
277 971
278 337
278 348
278 807
279 586
280 549
280 732
281 296
281 348
281 798
282 145
282 214
282 488
282 527
282 990
283 271
283 279
283 301
283 522
284 7
284 13
284 452
284 993
285 182
285 322
285 590
286 102
286 222
286 783
286 878
287 181
287 457
287 850
288 212
288 616
289 355
289 754
289 941
290 144
290 219
290 405
290 550
290 575
290 650
290 808
290 917
290 986
291 720
292 115
292 538
293 290
293 658
294 160
295 153
295 372
295 658
295 831
296 89
296 334
296 641
296 838
297 487
298 229
299 539
299 647
299 667
299 867
299 979
300 42
300 67
300 232
300 376
300 509
300 569
300 881
301 182
301 419
301 879
302 479
302 563
302 658
303 798
304 454
304 641
305 859
306 977
307 338
307 907
308 888
308 931
308 953
310 8
310 42
310 737
311 475
312 23
312 796
313 17
313 40
313 186
313 325
313 427
313 443
313 685
313 770
314 35
314 353
314 376
315 170
315 350
316 29
316 274
317 42
318 251
318 656
318 819
319 450
319 488
319 705
320 120
320 314
320 467
320 675
320 989
321 2
321 293
321 640
321 988
323 155
323 448
323 601
323 626
323 793
324 224
324 357
324 631
326 30
326 889
326 901
327 169
327 873
328 146
328 201
328 716
328 982
329 351
329 628
329 976
330 461
331 769
332 713
333 54
333 322
333 350
333 536
335 629
336 370
336 675
336 737
337 7
337 575
337 750
337 885
338 245
338 752
338 777
339 396
339 642
340 817
340 821
340 908
341 21
342 338
342 588
342 964
343 93
343 200
343 298
343 462
343 632
343 641
343 656
344 182
344 666
345 54
345 156
345 469
345 522
346 74
346 405
346 687
347 423
348 549
348 615
348 972
349 75
349 243
350 72
350 314
350 370
350 399
350 546
350 602
350 649
351 137
352 19
353 550
353 623
353 636
353 692
353 893
355 313
355 482
356 45
356 835
357 42
357 135
357 164
357 526
357 626
357 959
358 103
358 129
358 458
358 478
359 410
359 923
360 187
360 833
361 27
361 36
361 789
361 869
361 872
361 910
362 147
363 65
363 301
363 659
363 706
363 723
363 771
363 855
364 523
364 626
364 818
364 874
364 983
365 243
365 405
366 436
366 528
367 883
367 896
368 18
368 834
369 352
369 457
369 498
369 602
369 831
370 257
370 281
370 406
370 738
371 523
371 594
371 709
371 917
372 189
372 920
373 152
373 389
373 543
374 268
374 845
376 331
376 597
376 966
377 143
377 416
377 781
377 790
379 476
380 441
381 364
381 476
381 755
381 762
382 78
382 292
382 313
382 760
382 877
382 993
383 264
383 440
383 753
384 993
385 61
385 364
386 245
386 259
386 282
386 496
386 586
386 673
387 783
387 917
388 38
388 837
389 82
389 892
390 85
390 118
390 746
390 833
391 182
391 298
391 958
392 146
392 504
392 791
392 953
393 120
393 816
394 183
395 676
395 823
396 300
396 315
396 862
397 137
397 336
397 751
397 823
398 850
398 869
399 79
399 518
399 583
400 291
400 413
401 134
401 312
401 726
402 385
402 462
402 837
403 667
403 677
403 695
403 717
405 421
405 456
405 886
406 278
406 591
406 677
406 877
407 472
407 767
407 800
407 864
409 262
410 37
410 126
411 12
411 62
411 979
412 13
412 66
412 217
412 990
413 733
414 477
415 67
415 309
415 408
415 701
415 934
416 297
416 775
416 844
417 587
419 495
419 618
419 986
420 167
420 246
421 58
421 233
421 368
421 517
421 807
422 189
422 303
422 510
423 139
423 151
423 238
423 255
424 621
425 388
426 62
426 88
426 239
426 268
426 285
427 260
428 285
428 295
428 460
428 471
428 670
428 885
429 173
429 180
429 230
429 715
430 9
430 157
430 935
430 966
431 74
431 165
431 861
432 3
432 7
432 150
432 647
432 741
432 793
432 820
433 758
433 875
434 759
434 861
435 313
435 489
436 827
437 333
437 549
438 734
438 896
438 990
439 58
439 292
439 672
439 743
439 944
440 905
441 439
441 595
441 988
442 901
443 123
443 191
443 554
443 752
444 148
444 371
444 387
445 421
445 987
446 144
447 351
447 860
447 981
447 985
448 142
448 352
448 354
448 829
449 159
449 598
449 703
450 170
450 216
450 535
451 892
451 935
452 15
452 270
452 388
452 416
452 700
453 28
454 192
454 233
454 411
454 413
454 574
455 21
455 82
455 280
456 440
457 464
457 618
457 671
457 950
458 647
458 846
458 853
459 984
461 203
461 263
461 530
462 142
463 7
463 252
463 409
463 888
464 18
464 123
464 158
464 905
464 962
465 128
465 585
465 643
465 854
466 154
466 173
466 255
466 371
466 688
467 41
467 127
467 163
467 245
467 342
467 881
469 48
469 436
469 549
470 221
470 356
470 632
470 716
470 769
471 235
471 360
471 860
472 93
472 132
472 226
472 634
472 896
473 462
473 762
474 460
474 577
474 737
475 521
476 554
476 557
476 945
477 580
478 208
479 176
479 269
479 280
479 705
480 102
480 590
481 516
481 519
482 501
482 555
483 548
483 607
483 648
484 668
484 719
484 851
485 195
485 237
485 240
485 823
485 953
486 204
486 324
486 666
487 130
487 340
487 565
487 594
487 926
488 40
488 279
488 969
489 418
489 604
489 750
489 975
490 71
490 394
490 681
491 6
491 449
491 503
491 961
492 209
492 435
492 817
492 928
493 58
493 301
493 567
493 959
494 170
495 610
496 549
496 952
497 209
497 264
497 620
497 840
497 860
498 627
498 659
499 136
499 888
499 923
500 334
501 759
501 985
502 128
502 814
502 945
503 89
503 231
503 314
503 348
503 453
503 469
503 477
503 520
503 604
503 695
503 718
503 981
504 73
504 250
504 793
504 897
505 53
505 135
505 408
505 494
506 276
506 845
507 124
507 137
507 186
508 32
508 245
508 708
509 56
509 197
510 154
510 600
510 762
510 960
511 24
511 156
511 503
511 624
511 747
511 754
512 97
512 441
512 644
512 858
513 589
514 4
514 241
514 260
514 705
514 813
514 899
514 929
514 947
515 75
515 584
516 976
517 240
517 577
518 49
518 307
519 469
519 570
519 725
519 879
520 153
520 423
520 488
520 855
521 752
523 249
523 286
523 445
524 161
524 956
525 195
525 706
525 899
526 120
526 194
527 39
527 214
527 423
528 0
528 275
528 615
528 667
528 670
528 750
528 785
529 122
529 154
529 172
529 376
529 687
529 785
530 26
530 740
531 423
531 556
531 966
532 692
532 716
532 787
533 553
533 761
534 124
534 637
534 643
534 729
535 84
535 811
536 429
536 615
536 670
537 542
537 624
537 970
538 321
538 483
538 537
538 670
538 746
538 771
538 887
539 523
539 975
540 323
540 405
540 865
540 882
540 946
541 467
541 522
541 929
541 951
542 164
542 189
542 515
542 795
542 897
543 28
544 931
544 939
545 408
545 960
545 998
546 740
546 850
547 36
547 63
547 122
547 411
547 683
548 393
548 962
549 210
549 434
550 118
550 285
550 824
551 100
551 236
551 537
551 907
552 269
552 665
552 715
552 910
553 160
553 277
553 957
554 597
554 827
555 227
555 425
555 476
556 84
556 248
556 339
556 519
556 549
557 110
557 464
557 509
557 818
558 81
558 321
558 400
558 467
561 381
561 734
561 902
562 375
562 591
563 372
563 561
564 702
565 15
565 52
565 229
565 308
565 419
565 424
565 721
565 784
566 195
566 396
566 495
567 681
567 762
567 807
568 2
568 608
569 182
569 188
570 234
570 562
570 840
571 233
571 238
572 396
572 539
572 631
573 695
573 716
573 777
573 835
574 445
574 655
575 58
575 315
575 677
576 403
576 907
577 119
577 127
577 679
578 206
578 343
578 780
578 958
579 597
579 815
580 136
580 171
580 228
580 318
581 175
581 240
581 828
581 966
582 52
582 94
582 174
582 790
583 869
584 7
584 93
584 347
584 387
584 739
584 918
585 2
585 805
586 252
586 695
586 760
586 998
587 105
587 523
587 766
588 141
588 221
588 223
588 691
589 183
589 294
589 497
589 686
589 698
590 135
590 257
590 649
590 974
591 63
591 72
591 292
591 900
592 84
592 94
592 115
592 335
592 431
593 258
593 479
593 505
593 512
593 678
593 830
593 938
594 96
594 223
595 126
595 143
595 179
595 649
596 123
596 519
596 621
597 592
598 614
598 650
599 357
599 436
599 437
599 565
599 604
599 810
599 904
599 937
600 292
600 438
600 613
601 824
602 318
603 171
604 311
604 391
604 490
605 192
606 56
606 426
606 442
607 370
608 93
608 516
608 775
609 615
609 844
610 27
610 101
610 202
610 388
610 742
610 818
611 318
611 525
611 722
611 833
611 943
612 613
612 697
612 836
613 530
613 675
614 481
615 16
615 460
615 663
615 870
616 62
616 309
616 805
617 310
617 502
617 731
618 242
618 458
618 530
618 647
619 8
620 161
620 334
620 430
620 749
621 336
621 515
622 459
622 472
622 794
623 4
623 169
623 195
623 337
623 537
623 604
623 629
624 695
625 202
625 389
625 527
625 852
627 213
627 561
627 625
627 867
628 389
628 777
629 525
629 537
629 676
629 687
629 853
630 136
630 209
630 793
631 28
631 70
631 375
631 919
632 666
632 808
633 127
633 266
633 462
633 474
633 555
633 840
634 202
634 303
634 662
634 916
635 306
635 911
635 922
636 161
636 393
636 570
637 891
637 943
638 90
638 235
638 280
638 732
638 978
639 83
640 249
640 303
641 291
641 338
641 368
641 413
641 810
642 775
642 798
643 200
643 459
644 415
644 547
645 165
645 472
645 829
646 208
646 328
646 641
647 879
648 264
648 584
648 812
649 243
649 637
649 745
650 119
650 690
651 266
651 322
651 363
651 492
652 85
652 256
652 654
653 259
653 282
653 337
653 901
654 171
654 444
654 545
654 608
654 920
655 162
655 662
655 762
656 28
656 56
656 208
657 190
657 311
657 938
658 352
658 454
658 573
658 639
659 44
659 446
659 542
659 661
661 28
661 458
662 21
662 290
662 883
663 221
663 426
663 638
663 779
664 538
664 673
664 693
665 57
665 85
665 230
665 447
666 57
666 502
666 569
666 739
666 955
667 311
667 421
667 792
667 896
668 389
668 643
668 677
668 694
668 763
668 786
669 254
669 271
669 436
670 6
670 94
670 141
670 250
670 976
671 316
671 555
672 833
672 915
673 296
674 199
674 489
674 531
675 33
675 388
675 769
676 378
676 402
676 678
676 812
676 903
676 954
677 719
677 897
678 424
678 546
678 857
678 926
679 115
679 270
679 352
679 753
680 136
680 747
681 49
681 63
681 189
681 661
681 869
683 163
683 215
683 441
683 917
684 223
684 406
684 437
684 626
684 702
684 805
686 250
686 295
686 340
686 841
686 865
688 421
688 636
688 650
688 861
689 66
689 956
690 146
690 816
692 197
692 256
692 367
692 368
692 621
692 717
692 776
692 875
693 146
693 268
693 309
693 435
693 843
693 866
694 20
694 140
694 576
694 842
695 81
695 112
695 537
695 551
696 302
696 717
696 865
697 105
697 135
697 396
698 210
698 335
698 468
698 942
699 21
699 194
699 424
700 58
700 138
700 166
700 204
701 114
701 279
701 499
701 809
702 762
702 770
702 989
703 272
703 462
703 640
704 111
704 591
704 722
705 176
705 404
706 259
707 400
707 702
707 822
707 967
707 997
708 833
708 968
710 85
710 296
710 420
710 588
710 964
710 968
711 141
711 890
712 75
712 491
712 545
712 573
713 411
713 705
713 900
714 59
714 264
714 481
714 717
715 841
716 421
716 479
717 483
717 890
718 439
718 825
720 262
720 948
721 138
722 228
722 429
722 585
722 663
723 464
723 801
724 169
724 296
724 941
724 997
725 455
725 807
726 105
726 318
726 447
726 516
727 13
727 199
727 253
727 828
728 132
728 224
729 7
729 216
729 654
729 890
730 149
731 456
731 470
731 929
732 641
732 851
733 330
733 574
734 193
734 281
734 312
734 455
734 584
734 624
735 20
735 389
735 419
735 442
735 766
736 169
736 675
736 679
738 393
740 651
741 452
741 723
742 43
742 361
743 427
743 844
744 169
744 631
744 794
745 21
745 178
746 525
747 384
747 852
748 224
748 742
748 922
748 978
749 131
749 965
750 64
750 257
750 577
751 360
752 392
752 760
753 492
753 652
753 718
754 38
754 211
754 343
754 361
754 767
754 870
755 759
756 63
756 313
756 887
756 922
757 10
757 617
757 662
757 999
758 43
758 59
758 209
758 221
758 366
758 489
758 710
758 902
759 34
759 74
759 276
759 335
759 392
759 801
759 850
759 957
760 303
760 398
760 651
760 711
760 833
761 19
761 532
761 656
761 987
762 455
762 745
763 188
763 570
764 495
765 412
765 539
765 651
765 756
766 257
766 483
766 489
767 355
767 506
768 48
768 53
768 300
768 343
768 493
768 768
769 23
769 40
769 362
769 954
770 420
771 11
771 52
771 663
771 727
771 763
773 72
773 201
773 324
773 474
773 552
773 927
774 376
774 484
774 549
774 607
775 71
775 362
775 490
775 664
776 18
777 253
777 844
778 471
778 529
779 381
779 684
779 774
779 935
780 342
781 665
781 945
781 964
782 754
782 782
782 993
783 196
783 205
783 469
783 536
784 677
784 721
784 848
785 199
785 381
785 668
786 75
786 777
786 809
787 55
787 189
788 73
788 529
788 599
788 851
788 900
789 401
789 577
789 632
790 441
790 584
790 704
790 719
790 775
790 941
790 993
791 105
791 272
791 794
791 874
792 98
792 171
792 272
792 273
792 499
792 624
792 675
793 53
793 126
793 129
793 713
793 811
793 917
794 244
794 686
795 336
795 428
795 540
795 556
796 580
798 227
798 589
799 278
799 432
799 940
801 450
801 738
803 591
803 816
804 648
804 686
804 855
805 446
805 540
805 671
806 945
807 158
807 602
807 655
808 71
808 912
809 114
809 830
809 886
810 12
810 120
811 495
811 588
811 703
811 930
812 177
812 626
812 905
813 271
813 510
813 707
813 954
814 360
814 420
814 478
814 537
815 91
815 103
815 380
815 482
815 555
815 655
816 140
816 569
816 826
818 161
818 556
819 174
819 884
820 209
821 752
821 778
821 972
822 397
822 485
822 504
822 776
823 590
824 314
825 168
825 459
825 823
826 56
826 277
826 346
826 644
826 876
826 993
827 281
827 360
827 416
827 609
828 322
828 540
828 855
828 926
829 270
829 336
829 482
829 503
829 662
830 98
830 344
830 972
831 12
831 169
832 172
832 602
832 872
832 990
833 235
833 496
833 840
833 865
834 560
834 563
834 943
835 720
835 820
836 80
836 97
836 291
836 667
836 672
837 341
838 313
838 722
838 936
839 969
840 265
840 433
840 601
840 744
840 756
841 15
841 230
841 234
841 434
841 737
841 909
842 190
842 611
842 722
843 389
843 395
843 623
843 949
844 244
844 417
844 577
844 702
844 838
846 130
846 252
846 717
847 287
847 358
847 941
848 48
848 67
848 152
849 700
849 731
849 806
850 501
850 655
850 801
851 32
851 171
851 259
851 398
851 523
851 770
851 828
851 940
852 223
852 795
854 88
854 576
854 977
855 293
855 296
855 855
856 116
856 182
856 532
857 223
857 635
857 683
857 949
858 318
858 589
858 702
858 839
859 37
859 258
859 278
860 213
860 534
860 614
862 170
862 240
862 277
862 352
862 675
864 424
864 600
864 652
864 679
864 971
865 333
865 838
865 867
866 310
866 704
866 918
867 333
867 425
867 591
867 936
868 80
868 106
868 253
868 690
869 3
869 468
869 937
870 221
870 318
870 580
871 293
871 426
872 441
872 618
872 723
872 910
873 902
874 148
874 334
874 365
874 705
875 669
876 616
877 104
877 177
877 611
877 893
877 943
878 506
878 909
879 681
880 97
880 619
880 651
881 319
881 405
881 938
882 241
882 279
882 522
883 345
883 478
883 566
883 735
884 134
884 274
884 651
884 816
885 71
885 366
885 633
886 5
886 269
886 362
887 113
888 549
888 643
888 815
888 954
889 646
889 809
890 56
890 247
890 299
890 736
891 834
892 293
892 717
892 798
892 837
892 850
893 37
893 333
893 416
893 728
893 943
894 35
895 24
895 169
895 422
895 593
895 718
896 425
896 712
897 418
897 444
897 979
898 110
898 290
898 721
899 367
899 753
899 999
900 24
900 64
900 285
901 60
901 982
902 322
904 61
904 252
905 787
906 95
906 168
906 369
906 723
906 926
907 0
907 717
907 813
907 875
908 224
908 508
909 643
909 741
909 945
909 946
910 925
911 238
911 240
911 522
911 682
912 90
912 421
912 428
912 469
912 869
913 11
913 55
913 75
913 380
913 619
914 317
915 34
915 37
915 333
915 388
915 623
915 912
916 72
916 296
916 629
917 356
917 888
918 244
918 695
919 697
919 718
920 231
920 384
920 463
922 21
922 254
923 309
923 330
923 351
923 402
923 945
924 543
924 609
924 790
925 37
925 145
925 449
925 490
926 60
927 108
927 259
927 922
928 502
928 629
928 717
929 72
929 824
929 988
930 48
930 704
930 954
931 149
932 17
932 389
932 559
932 716
932 832
933 193
933 531
934 626
934 640
934 858
935 80
935 98
935 162
935 592
935 713
935 873
936 328
936 444
936 806
938 418
938 565
938 606
938 675
938 722
939 478
939 647
940 520
941 124
941 623
942 40
942 353
942 565
942 995
943 16
943 484
943 487
944 175
944 289
945 132
945 193
945 271
945 421
945 447
945 832
946 104
946 422
946 504
946 619
946 714
947 212
947 260
947 611
947 979
948 153
948 489
948 583
949 101
949 578
949 591
949 866
950 594
951 466
951 547
952 721
952 858
953 254
953 932
954 82
954 84
955 162
955 217
955 271
955 379
955 500
955 944
956 578
956 709
957 387
958 319
958 438
958 439
958 489
959 569
960 678
960 855
961 508
961 616
961 659
961 700
961 863
962 53
962 292
962 531
962 557
962 885
962 902
963 164
963 318
963 338
963 532
964 681
965 705
965 962
966 167
966 514
966 640
967 86
967 310
967 385
967 458
967 762
968 172
969 600
969 677
970 25
970 128
970 331
970 498
970 664
970 681
971 949
972 23
972 54
972 592
972 654
973 191
973 909
974 15
974 290
974 413
974 556
974 668
975 480
975 819
976 11
976 524
976 680
977 72
977 547
978 399
978 955
978 969
979 452
979 504
979 578
979 613
980 114
980 536
981 156
981 724
981 837
982 167
982 260
982 450
982 646
982 647
982 723
983 406
983 682
983 722
984 36
984 109
984 145
984 290
984 442
984 712
984 760
984 893
985 192
985 519
986 40
986 641
986 651
987 731
987 983
988 592
988 683
988 915
989 282
990 593
990 611
990 679
990 683
990 781
990 798
990 854
990 870
991 68
991 145
991 370
991 461
992 213
992 511
993 411
993 556
993 594
994 814
994 968
995 81
995 203
995 233
996 279
996 725
996 858
997 292
997 307
997 859
998 37
998 468
998 542
998 859
998 881
999 53
999 287
999 357
999 485
999 824
